wavelength,intensity
178.76,17.557
179.14,17.557
179.52,17.557
179.9,-3.9033
180.28,-9.3633
180.66,-72.943
181.04,-2.34
181.42,34.72
181.8,104.54
182.18,-54.225
182.55,-48.372
182.93,42.908
183.31,25.353
183.69,-15.6
184.07,-31.207
184.45,4.68
184.83,64.753
185.21,40.568
185.59,3.9
185.97,-113.52
186.35,-63.195
186.72,26.918
187.1,-30.43
187.48,-8.5833
187.86,47.59
188.24,-77.628
188.62,-12.093
189,3.9
189.38,26.527
189.75,47.982
190.13,-65.147
190.51,5.0733
190.89,20.673
191.27,-121.71
191.65,-15.603
192.03,-42.908
192.4,-30.427
192.78,11.313
193.16,27.307
193.54,75.677
193.92,36.668
194.3,62.803
194.67,-85.04
195.05,-5.85
195.43,54.223
195.81,-24.963
196.19,41.742
196.56,44.862
196.94,-5.85
197.32,-81.137
197.7,40.957
198.08,-60.075
198.45,-77.627
198.83,97.132
199.21,-39.01
199.59,-104.15
199.97,-90.892
200.34,-10.533
200.72,-79.578
201.1,-31.595
201.48,-70.218
201.85,-40.568
202.23,-72.947
202.61,42.52
202.99,16.383
203.36,-15.992
203.74,1.819e-12
204.12,-63.973
204.49,-57.735
204.87,-68.655
205.25,-78.407
205.63,68.265
206,-29.647
206.38,8.975
206.76,-60.463
207.14,20.282
207.51,7.0233
207.89,-48.373
208.27,45.25
208.64,47.982
209.02,12.872
209.4,10.14
209.77,-31.597
210.15,-189.58
210.53,-11.705
210.9,-80.75
211.28,73.337
211.66,-1.56
212.03,-41.74
212.41,49.15
212.79,-106.49
213.16,35.105
213.54,21.455
213.92,-3.5117
214.29,58.513
214.67,52.268
215.05,-16.383
215.42,-17.943
215.8,-32.375
216.17,-157.21
216.55,-46.81
216.93,-1.1683
217.3,3.51
217.68,0
218.05,-19.503
218.43,-20.675
218.81,32.765
219.18,-56.173
219.56,-24.963
219.93,-53.83
220.31,9.36
220.69,-42.128
221.06,47.2
221.44,5.0667
221.81,36.278
222.19,-7.0217
222.56,3.12
222.94,-11.312
223.32,-97.132
223.69,-14.043
224.07,-53.442
224.44,-44.082
224.82,47.593
225.19,100.64
225.57,27.305
225.94,13.265
226.32,23.795
226.69,40.572
227.07,-63.195
227.44,-53.832
227.82,-55.002
228.19,-99.083
228.57,-21.845
228.94,-46.81
229.32,29.257
229.69,19.895
230.07,62.803
230.44,-80.745
230.82,14.433
231.19,-87.38
231.57,38.618
231.94,21.845
232.32,57.733
232.69,46.808
233.07,-3.1233
233.44,19.895
233.82,-3.5117
234.19,-24.187
234.57,-62.803
234.94,30.43
235.31,-26.528
235.69,-51.102
236.06,-14.435
236.44,-39.787
236.81,-31.205
237.19,16.775
237.56,72.17
237.93,-2.7283
238.31,-9.7533
238.68,39.79
239.06,-8.5833
239.43,12.09
239.81,90.502
240.18,56.565
240.55,68.657
240.93,77.627
241.3,6.2433
241.67,57.343
242.05,8.9733
242.42,37.45
242.8,1.5583
243.17,8.19
243.54,88.938
243.92,102.2
244.29,-47.198
244.66,55.39
245.04,22.235
245.41,8.5817
245.78,0.39167
246.16,23.795
246.53,80.358
246.9,19.895
247.28,-37.838
247.65,-3.1233
248.02,-7.0217
248.4,82.308
248.77,-21.453
249.14,101.81
249.52,37.06
249.89,117.41
250.26,79.58
250.64,-15.605
251.01,1.1683
251.38,48.37
251.75,74.897
252.13,29.647
252.5,41.347
252.87,-25.747
253.25,61.243
253.62,-19.895
253.99,50.323
254.36,120.15
254.74,171.64
255.11,30.427
255.48,49.932
255.85,-82.698
256.23,92.45
256.6,8.58
256.97,12.87
257.34,148.62
257.71,53.052
258.09,163.84
258.46,-18.33
258.83,20.673
259.2,49.932
259.58,37.448
259.95,63.195
260.32,50.32
260.69,20.285
261.06,59.293
261.44,67.485
261.81,9.7533
262.18,37.06
262.55,115.08
262.92,65.145
263.29,57.343
263.67,151.35
264.04,79.578
264.41,114.29
264.78,80.358
265.15,30.817
265.52,96.738
265.9,42.91
266.27,52.663
266.64,79.58
267.01,27.697
267.38,-6.24
267.75,136.92
268.12,101.03
268.5,111.95
268.87,-7.8017
269.24,94.402
269.61,3.12
269.98,109.61
270.35,196.21
270.72,191.92
271.09,97.522
271.46,118.59
271.83,225.86
272.21,138.49
272.58,146.67
272.95,197.38
273.32,123.66
273.69,173.59
274.06,130.29
274.43,148.23
274.8,149.01
275.17,214.94
275.54,290.61
275.91,175.93
276.28,136.53
276.65,90.89
277.02,196.99
277.39,191.53
277.76,126.78
278.13,159.54
278.5,182.95
278.87,174.76
279.24,276.57
279.61,257.85
279.98,268.77
280.35,172.81
280.72,215.33
281.09,252.39
281.46,177.1
281.83,286.71
282.2,344.84
282.57,239.9
282.94,212.6
283.31,250.05
283.68,189.97
284.05,225.08
284.42,283.59
284.79,301.15
285.16,329.23
285.53,265.65
285.9,314.41
286.27,240.29
286.64,319.87
287.01,281.25
287.38,273.06
287.75,162.28
288.12,296.08
288.49,269.16
288.86,225.86
289.23,244.2
289.59,289.84
289.96,290.62
290.33,410.76
290.7,348.35
291.07,330.02
291.44,427.15
291.81,319.87
292.18,375.27
292.55,269.16
292.91,300.76
293.28,242.24
293.65,348.74
294.02,215.33
294.39,208.31
294.76,295.3
295.13,374.1
295.5,365.9
295.86,334.7
296.23,279.3
296.6,336.26
296.97,398.28
297.34,419.35
297.71,338.99
298.07,378.39
298.44,269.55
298.81,274.62
299.18,210.26
299.55,319.09
299.91,208.7
300.28,16.385
300.65,175.93
301.02,285.16
301.39,277.35
301.75,411.16
302.12,410.76
302.49,434.17
302.86,485.66
303.23,328.85
303.59,298.03
303.96,413.11
304.33,366.29
304.7,332.36
305.06,215.72
305.43,311.68
305.8,184.51
306.17,236
306.53,327.68
306.9,367.86
307.27,317.92
307.64,318.7
308,340.55
308.37,285.16
308.74,315.58
309.11,289.45
309.47,318.7
309.84,328.07
310.21,291.79
310.57,257.46
310.94,277.36
311.31,260.58
311.67,1226.1
312.04,248.88
312.41,189.59
312.77,210.65
313.14,211.43
313.51,226.25
313.87,230.54
314.24,253.56
314.61,343.67
314.97,250.44
315.34,323
315.71,307.78
316.07,339.38
316.44,252.78
316.81,217.67
317.17,271.11
317.54,350.3
317.91,186.46
318.27,188.81
318.64,143.16
319,132.63
319.37,109.22
319.74,263.31
320.1,267.99
320.47,242.64
320.83,144.72
321.2,215.33
321.57,205.19
321.93,191.53
322.3,222.35
322.66,156.43
323.03,267.99
323.4,280.08
323.76,156.03
324.13,125.61
324.49,159.93
324.86,144.72
325.22,181.39
325.59,237.95
325.95,248.1
326.32,207.92
326.68,282.82
327.05,257.46
327.42,138.87
327.78,161.5
328.15,154.87
328.51,162.28
328.88,136.53
329.24,98.695
329.61,103.76
329.97,97.52
330.34,95.183
330.7,115.86
331.07,121.71
331.43,109.22
331.8,140.04
332.16,14.435
332.52,74.117
332.89,92.453
333.25,101.81
333.62,88.162
333.98,-216.5
334.35,198.95
334.71,205.58
335.08,110.01
335.44,83.867
335.81,111.96
336.17,149.41
336.53,81.138
336.9,59.292
337.26,0.78167
337.63,49.15
337.99,173.2
338.36,81.528
338.72,61.242
339.08,141.99
339.45,42.13
339.81,124.05
340.18,104.93
340.54,165.4
340.9,113.9
341.27,76.458
341.63,23.405
341.99,147.45
342.36,55.783
342.72,118.98
343.09,95.573
343.45,104.93
343.81,31.987
344.18,47.98
344.54,147.06
344.9,122.1
345.27,69.047
345.63,95.18
345.99,138.87
346.36,38.622
346.72,115.86
347.08,47.588
347.45,26.915
347.81,131.46
348.17,150.18
348.54,25.748
348.9,58.513
349.26,12.875
349.62,103.76
349.99,84.258
350.35,129.9
350.71,55.002
351.08,89.328
351.44,24.967
351.8,148.62
352.16,78.797
352.53,10.925
352.89,77.63
353.25,138.87
353.61,78.407
353.98,75.288
354.34,117.81
354.7,76.068
355.06,87.377
355.43,97.523
355.79,65.535
356.15,40.962
356.51,-11.31
356.88,86.21
357.24,-20.283
357.6,132.63
357.96,56.953
358.32,138.87
358.69,45.638
359.05,28.478
359.41,121.32
359.77,95.965
360.13,30.815
360.49,26.528
360.86,33.547
361.22,-18.725
361.58,33.163
361.94,141.21
362.3,141.99
362.66,-3.9017
363.03,-0.39
363.39,20.285
363.75,12.875
364.11,106.49
364.47,39.398
364.83,59.683
365.19,76.847
365.56,110.4
365.92,48.762
366.28,77.24
366.64,-19.115
367,93.23
367.36,21.453
367.72,43.302
368.08,125.61
368.44,-34.718
368.8,107.66
369.17,104.93
369.53,19.115
369.89,99.082
370.25,1.56
370.61,26.14
370.97,105.71
371.33,23.405
371.69,110.4
372.05,51.49
372.41,-7.4117
372.77,25.745
373.13,66.315
373.49,84.26
373.85,71.778
374.21,83.867
374.57,39.785
374.93,-57.733
375.29,100.25
375.65,25.743
376.01,33.937
376.37,81.137
376.73,51.102
377.09,79.97
377.45,49.152
377.81,16.383
378.17,18.335
378.53,68.655
378.89,52.662
379.25,75.68
379.61,-44.47
379.97,27.698
380.33,69.048
380.69,25.355
381.05,11.702
381.41,51.102
381.77,-18.725
382.13,81.53
382.49,-24.188
382.85,82.7
383.21,51.495
383.57,88.94
383.93,88.55
384.28,56.562
384.64,7.41
385,-20.285
385.36,65.538
385.72,68.265
386.08,71.775
386.44,-87.382
386.8,100.25
387.16,23.013
387.52,96.74
387.87,-17.165
388.23,-17.555
388.59,40.958
388.95,44.082
389.31,64.755
389.67,23.795
390.03,65.145
390.38,-53.442
390.74,61.633
391.1,7.4133
391.46,49.152
391.82,43.3
392.18,29.258
392.54,18.333
392.89,15.995
393.25,-47.982
393.61,115.47
393.97,-34.327
394.33,6.2417
394.68,22.623
395.04,-19.893
395.4,28.085
395.76,20.675
396.12,75.675
396.47,69.827
396.83,26.915
397.19,61.247
397.55,21.85
397.9,99.08
398.26,-37.057
398.62,51.88
398.98,0
399.33,63.583
399.69,46.422
400.05,66.312
400.41,19.893
400.76,-11.705
401.12,0.77833
401.48,37.06
401.84,6.635
402.19,16.775
402.55,99.083
402.91,47.982
403.26,-24.967
403.62,5.8533
403.98,37.058
404.34,-30.038
404.69,-16.38
405.05,-21.455
405.41,-23.017
405.76,26.138
406.12,68.655
406.48,53.442
406.83,47.59
407.19,61.637
407.55,-0.0016667
407.9,-14.047
408.26,100.64
408.62,99.473
408.97,76.458
409.33,-35.885
409.68,-31.597
410.04,50.32
410.4,9.75
410.75,35.888
411.11,48.762
411.47,73.727
411.82,49.927
412.18,97.137
412.53,24.573
412.89,9.3633
413.25,62.413
413.6,15.993
413.96,-9.7517
414.31,43.692
414.67,-47.202
415.03,63.193
415.38,28.477
415.74,-7.0233
416.09,-104.55
416.45,83.872
416.8,20.285
417.16,73.335
417.51,3.12
417.87,-36.28
418.23,19.117
418.58,-1.95
418.94,10.925
419.29,3.9
419.65,-33.547
420,7.8017
420.36,-39.007
420.71,-25.743
421.07,-25.355
421.42,-36.663
421.78,46.422
422.13,-16.383
422.49,31.208
422.84,50.322
423.2,24.575
423.55,29.258
423.91,3.9
424.26,-53.832
424.61,24.183
424.97,3.9017
425.32,64.367
425.68,55.002
426.03,83.87
426.39,-90.893
426.74,62.807
427.1,74.508
427.45,66.707
427.8,17.167
428.16,119.37
428.51,-26.527
428.87,18.335
429.22,118.59
429.58,33.157
429.93,76.067
430.28,37.448
430.64,49.932
430.99,-6.63
431.35,-39.4
431.7,-67.487
432.05,62.805
432.41,77.627
432.76,85.038
433.11,23.015
433.47,-182.95
433.82,33.937
434.17,5.4617
434.53,61.633
434.88,-60.85
435.24,66.313
435.59,51.883
435.94,76.065
436.3,71.385
436.65,96.353
437,106.88
437.35,-10.53
437.71,-24.185
438.06,-9.36
438.41,35.5
438.77,6.24
439.12,113.52
439.47,34.718
439.83,83.478
440.18,3.12
440.53,20.675
440.88,53.052
441.24,24.183
441.59,26.915
441.94,88.55
442.3,-26.137
442.65,150.18
443,-48.372
443.35,69.823
443.71,2.7317
444.06,81.527
444.41,51.49
444.76,51.88
445.11,90.498
445.47,-19.895
445.82,108.44
446.17,61.633
446.52,39.79
446.88,40.96
447.23,4.68
447.58,-47.592
447.93,20.675
448.28,110.78
448.63,-89.72
448.99,-3.9017
449.34,79.577
449.69,108.06
450.04,62.025
450.39,93.62
450.74,21.453
451.1,59.295
451.45,15.603
451.8,32.378
452.15,32.377
452.5,119.37
452.85,-129.9
453.21,33.937
453.56,15.995
453.91,-4.68
454.26,68.267
454.61,-30.82
454.96,33.548
455.31,25.745
455.66,37.448
456.01,-56.173
456.36,-65.535
456.72,6.63
457.07,64.755
457.42,33.937
457.77,5.8483
458.12,-35.885
458.47,108.44
458.82,65.148
459.17,-28.868
459.52,56.953
459.87,-102.6
460.22,20.285
460.57,15.605
460.92,85.035
461.27,33.157
461.62,84.647
461.97,27.31
462.32,31.207
462.67,158.38
463.02,-41.74
463.38,115.08
463.73,37.45
464.08,4.6817
464.43,171.25
464.78,53.048
465.12,58.123
465.47,-12.483
465.82,-163.84
466.17,39.395
466.52,50.712
466.87,21.067
467.22,50.713
467.57,0.78
467.92,40.57
468.27,17.945
468.62,31.597
468.97,122.88
469.32,44.082
469.67,163.84
470.02,6.6317
470.37,66.707
470.72,-9.7533
471.07,10.53
471.42,57.733
471.76,19.893
472.11,6.2383
472.46,-39.008
472.81,-13.655
473.16,33.16
473.51,34.328
473.86,55.392
474.21,99.863
474.56,32.767
474.9,52.662
475.25,-7.8017
475.6,73.337
475.95,24.187
476.3,67.485
476.65,8.9733
477,23.015
477.34,106.49
477.69,138.87
478.04,95.96
478.39,71.385
478.74,40.568
479.09,44.078
479.43,-17.943
479.78,-21.453
480.13,106.11
480.48,10.923
480.83,26.917
481.17,30.425
481.52,-9.7533
481.87,86.988
482.22,-30.423
482.57,2.7317
482.91,75.677
483.26,50.712
483.61,60.462
483.96,64.362
484.3,-320.65
484.65,-23.792
485,31.988
485.35,-62.807
485.69,-81.528
486.04,56.95
486.39,21.062
486.74,75.283
487.08,83.088
487.43,44.862
487.78,92.448
488.12,44.472
488.47,60.073
488.82,67.875
489.17,63.585
489.51,42.132
489.86,116.25
490.21,42.912
490.55,58.125
490.9,-1.5617
491.25,-46.033
491.59,44.862
491.94,30.817
492.29,6.24
492.63,44.08
492.98,27.307
493.33,64.755
493.67,57.73
494.02,9.7533
494.37,65.537
494.71,0.38833
495.06,12.875
495.4,64.753
495.75,70.608
496.1,115.08
496.44,-36.28
496.79,34.718
497.13,128.73
497.48,5.46
497.83,19.895
498.17,30.818
498.52,87.38
498.86,-0.78167
499.21,28.865
499.56,-13.657
499.9,42.13
500.25,54.613
500.59,67.483
500.94,-49.152
501.28,21.455
501.63,-96.353
501.97,23.405
502.32,-10.533
502.67,75.677
503.01,107.66
503.36,67.093
503.7,31.988
504.05,110.4
504.39,31.988
504.74,38.618
505.08,23.797
505.43,65.535
505.77,7.4117
506.12,54.615
506.46,8.9717
506.81,-15.217
507.15,50.323
507.49,52.273
507.84,37.447
508.18,3.1233
508.53,3.12
508.87,63.585
509.22,17.163
509.56,0
509.91,-12.482
510.25,62.025
510.6,48.368
510.94,49.54
511.28,47.59
511.63,125.22
511.97,57.732
512.32,-26.137
512.66,30.425
513,24.963
513.35,35.112
513.69,8.1917
514.04,46.422
514.38,74.898
514.72,-30.038
515.07,62.025
515.41,50.323
515.76,145.51
516.1,20.283
516.44,-10.53
516.79,55.392
517.13,113.91
517.47,12.873
517.82,40.96
518.16,-30.427
518.5,86.212
518.85,28.477
519.19,90.113
519.53,97.912
519.88,-5.07
520.22,49.54
520.56,7.0233
520.91,5.85
521.25,89.332
521.59,76.067
521.93,-15.605
522.28,32.77
522.62,108.44
522.96,59.685
523.31,96.742
523.65,47.202
523.99,63.973
524.33,35.495
524.68,1.5617
525.02,-30.43
525.36,1.9517
525.7,21.843
526.05,80.36
526.39,10.922
526.73,30.037
527.07,65.533
527.41,-23.405
527.76,-3.9017
528.1,-23.017
528.44,70.993
528.78,35.11
529.12,79.968
529.47,47.98
529.81,114.3
530.15,33.155
530.49,37.058
530.83,43.692
531.18,16.772
531.52,-8.1917
531.86,-5.0717
532.2,10.532
532.54,77.24
532.88,33.548
533.22,34.33
533.57,33.548
533.91,-16.773
534.25,52.66
534.59,-0.78
534.93,44.47
535.27,-21.455
535.61,30.035
535.95,60.853
536.3,90.503
536.64,99.083
536.98,102.59
537.32,62.022
537.66,73.335
538,62.412
538.34,128.34
538.68,33.545
539.02,39.788
539.36,71.385
539.7,-14.042
540.04,29.26
540.39,-11.315
540.73,44.082
541.07,54.61
541.41,14.432
541.75,31.597
542.09,53.052
542.43,9.7517
542.77,66.315
543.11,-5.8517
543.45,23.405
543.79,27.695
544.13,47.983
544.47,59.683
544.81,6.6317
545.15,17.163
545.49,19.898
545.83,-31.207
546.17,42.132
546.51,-3.9
546.85,133.41
547.19,-51.492
547.53,97.912
547.87,40.572
548.21,33.162
548.54,64.36
548.88,67.875
549.22,1.56
549.56,16.382
549.9,37.448
550.24,32.378
550.58,-1.17
550.92,40.18
551.26,0.39
551.6,89.723
551.94,-129.12
552.28,-35.89
552.61,33.943
552.95,133.41
553.29,20.677
553.63,58.51
553.97,40.957
554.31,102.98
554.65,58.513
554.99,44.86
555.32,64.757
555.66,63.587
556,60.073
556.34,11.703
556.68,-20.675
557.02,-15.995
557.36,88.162
557.69,104.15
558.03,85.428
558.37,48.762
558.71,134.97
559.05,129.9
559.38,128.73
559.72,96.35
560.06,-0.38833
560.4,104.15
560.74,172.03
561.07,106.5
561.41,142.38
561.75,119.76
562.09,42.13
562.42,95.963
562.76,87.382
563.1,94.012
563.44,13.653
563.77,38.228
564.11,3.1233
564.45,73.728
564.79,57.735
565.12,91.282
565.46,75.678
565.8,109.61
566.14,-12.875
566.47,29.648
566.81,64.363
567.15,96.352
567.48,44.472
567.82,99.473
568.16,-0.78
568.49,10.92
568.83,46.033
569.17,80.36
569.5,86.988
569.84,42.52
570.18,124.44
570.51,20.675
570.85,121.32
571.19,135.75
571.52,63.583
571.86,-4.6833
572.2,107.66
572.53,34.33
572.87,64.363
573.21,-42.518
573.54,132.24
573.88,82.702
574.21,63.195
574.55,53.057
574.89,95.185
575.22,140.44
575.56,41.738
575.89,126.39
576.23,131.46
576.57,24.185
576.9,161.11
577.24,47.203
577.57,47.978
577.91,72.555
578.24,23.407
578.58,66.705
578.91,81.137
579.25,75.287
579.59,63.195
579.92,79.188
580.26,75.288
580.59,44.862
580.93,110.4
581.26,94.792
581.6,83.09
581.93,51.102
582.27,166.96
582.6,93.62
582.94,104.93
583.27,88.938
583.61,131.46
583.94,18.333
584.28,73.727
584.61,152.92
584.94,120.54
585.28,-39.395
585.61,93.23
585.95,98.302
586.28,208.31
586.62,141.6
586.95,79.965
587.29,82.308
587.62,75.678
587.95,55.782
588.29,97.525
588.62,11.703
588.96,7.02
589.29,6.2417
589.62,82.308
589.96,129.12
590.29,51.492
590.63,33.55
590.96,74.505
591.29,50.715
591.63,5.8517
591.96,62.025
592.29,84.26
592.63,65.535
592.96,72.945
593.3,62.803
593.63,101.03
593.96,137.31
594.3,85.43
594.63,-40.962
594.96,44.86
595.3,18.728
595.63,64.363
595.96,98.305
596.29,57.345
596.63,54.617
596.96,76.068
597.29,33.937
597.63,159.94
597.96,70.605
598.29,-31.208
598.63,147.45
598.96,115.86
599.29,39.787
599.62,-37.45
599.96,52.66
600.29,85.822
600.62,54.22
600.95,78.41
601.29,76.85
601.62,88.938
601.95,64.755
602.28,101.82
602.61,239.12
602.95,194.26
603.28,95.572
603.61,57.342
603.94,80.748
604.27,76.067
604.61,56.17
604.94,58.512
605.27,74.898
605.6,101.81
605.93,35.11
606.27,35.108
606.6,10.143
606.93,67.877
607.26,26.527
607.59,23.407
607.92,79.188
608.26,137.31
608.59,45.64
608.92,96.352
609.25,158.76
609.58,145.12
609.91,106.5
610.24,48.37
610.57,17.945
610.9,43.688
611.24,121.32
611.57,68.657
611.9,65.145
612.23,147.85
612.56,19.893
612.89,142.38
613.22,143.55
613.55,46.028
613.88,9.75
614.21,56.952
614.54,176.32
614.87,109.23
615.2,93.232
615.53,122.49
615.87,18.335
616.2,48.372
616.53,55.003
616.86,113.52
617.19,88.942
617.52,95.573
617.85,76.458
618.18,67.487
618.51,123.66
618.84,244.97
619.17,128.34
619.5,-13.263
619.83,118.2
620.16,86.602
620.49,91.67
620.82,139.26
621.14,157.59
621.47,110
621.8,107.66
622.13,47.2
622.46,79.967
622.79,107.67
623.12,83.09
623.45,86.985
623.78,97.13
624.11,92.842
624.44,163.05
624.77,75.677
625.1,38.618
625.43,20.673
625.75,17.162
626.08,135.75
626.41,53.055
626.74,141.6
627.07,114.3
627.4,138.48
627.73,62.805
628.06,82.7
628.38,48.37
628.71,132.24
629.04,133.8
629.37,37.057
629.7,62.023
630.03,86.6
630.36,153.69
630.68,125.61
631.01,73.727
631.34,139.26
631.67,133.02
632,108.84
632.32,280.47
632.65,146.28
632.98,144.33
633.31,31.598
633.64,181.4
633.96,90.107
634.29,-65.145
634.62,122.1
634.95,-0.78167
635.27,35.5
635.6,151.74
635.93,73.337
636.26,27.695
636.58,57.343
636.91,74.118
637.24,106.49
637.57,83.87
637.89,121.32
638.22,87.77
638.55,100.25
638.87,64.365
639.2,110.01
639.53,150.57
639.86,77.24
640.18,105.72
640.51,79.578
640.84,142.77
641.16,92.452
641.49,139.65
641.82,117.03
642.14,142.38
642.47,-60.075
642.8,92.84
643.12,-24.183
643.45,70.995
643.78,78.018
644.1,84.26
644.43,56.175
644.75,70.217
645.08,141.6
645.41,169.3
645.73,135.75
646.06,201.29
646.39,89.33
646.71,112.73
647.04,96.352
647.36,101.81
647.69,160.72
648.01,24.183
648.34,56.173
648.67,197.39
648.99,-17.163
649.32,110.78
649.64,95.963
649.97,120.93
650.29,106.5
650.62,135.75
650.94,159.94
651.27,83.478
651.59,100.64
651.92,56.175
652.25,89.332
652.57,84.255
652.9,120.93
653.22,118.98
653.55,137.7
653.87,50.32
654.2,85.43
654.52,110.01
654.84,94.792
655.17,149.4
655.49,145.51
655.82,136.53
656.14,47.59
656.47,65.535
656.79,56.955
657.12,72.557
657.44,73.727
657.77,96.743
658.09,172.42
658.41,101.03
658.74,69.437
659.06,133.41
659.39,85.428
659.71,44.472
660.03,76.458
660.36,71.775
660.68,86.99
661.01,10.533
661.33,5.46
661.65,83.872
661.98,-30.425
662.3,74.118
662.63,11.315
662.95,72.167
663.27,126
663.6,47.98
663.92,127.95
664.24,34.327
664.57,79.97
664.89,-26.528
665.21,109.23
665.54,41.352
665.86,57.733
666.18,152.13
666.51,33.545
666.83,72.56
667.15,-25.745
667.47,115.86
667.8,74.51
668.12,106.49
668.44,57.733
668.77,127.95
669.09,-77.63
669.41,146.67
669.73,78.017
670.06,128.34
670.38,156.43
670.7,75.675
671.02,13.653
671.35,27.695
671.67,111.57
671.99,56.173
672.31,21.843
672.63,111.96
672.96,168.52
673.28,0.0016667
673.6,49.152
673.92,31.988
674.24,95.962
674.57,76.848
674.89,-1.9517
675.21,-21.455
675.53,76.068
675.85,19.892
676.17,61.633
676.5,78.02
676.82,102.2
677.14,17.165
677.46,69.825
677.78,67.092
678.1,-18.723
678.42,88.16
678.75,78.017
679.07,37.058
679.39,-3.51
679.71,47.978
680.03,63.195
680.35,121.71
680.67,45.642
680.99,20.285
681.31,50.713
681.63,23.797
681.96,9.7533
682.28,-18.335
682.6,28.867
682.92,161.5
683.24,64.363
683.56,140.82
683.88,39.4
684.2,113.91
684.52,115.86
684.84,-1.5633
685.16,12.48
685.48,73.727
685.8,-24.185
686.12,128.34
686.44,111.95
686.76,24.575
687.08,19.112
687.4,66.703
687.72,-34.328
688.04,-37.447
688.36,-28.087
688.68,40.568
689,23.795
689.32,38.62
689.64,51.103
689.96,-1.1717
690.28,108.44
690.6,37.842
690.92,1.17
691.24,-108.06
691.56,52.273
691.88,-26.92
692.19,75.675
692.51,10.147
692.83,3.1183
693.15,106.49
693.47,-14.822
693.79,78.408
694.11,3.1183
694.43,-0.78167
694.75,81.532
695.06,61.245
695.38,11.315
695.7,10.143
696.02,23.018
696.34,62.023
696.66,57.345
696.98,-69.44
697.29,101.03
697.61,25.745
697.93,-28.865
698.25,407.64
698.57,91.673
698.89,45.25
699.2,108.84
699.52,-3.9033
699.84,59.683
700.16,4.2917
700.48,33.552
700.79,51.102
701.11,-15.993
701.43,-11.702
701.75,61.638
702.07,39.397
702.38,58.905
702.7,50.318
703.02,19.502
703.34,73.337
703.65,-21.455
703.97,-19.113
704.29,-28.088
704.61,21.453
704.92,59.295
705.24,88.157
705.56,56.563
705.87,-86.6
706.19,10.143
706.51,-51.1
706.82,-99.473
707.14,20.285
707.46,9.3633
707.78,15.602
708.09,-48.372
708.41,63.975
708.73,136.14
709.04,82.698
709.36,-33.935
709.68,75.288
709.99,28.475
710.31,23.015
710.62,-33.545
710.94,42.522
711.26,38.228
711.57,3.9033
711.89,-16.777
712.21,42.91
712.52,29.647
712.84,43.69
713.15,41.35
713.47,31.988
713.79,40.18
714.1,14.042
714.42,1.17
714.73,12.092
715.05,67.093
715.36,14.822
715.68,38.618
715.99,19.503
716.31,15.215
716.63,-37.45
716.94,73.728
717.26,-4.68
717.57,25.352
717.89,53.832
718.2,14.433
718.52,-22.625
718.83,56.173
719.15,110
719.46,34.33
719.78,-67.485
720.09,39.007
720.41,-43.692
720.72,55
721.04,1.5633
721.35,-36.278
721.67,58.513
721.98,14.045
722.29,32.377
722.61,45.25
722.92,-7.02
723.24,1.9517
723.55,18.333
723.87,87.772
724.18,-51.1
724.5,19.112
724.81,23.017
725.12,100.25
725.44,8.1917
725.75,54.613
726.07,62.023
726.38,85.04
726.69,-29.255
727.01,42.127
727.32,-24.187
727.63,3.9
727.95,-144.33
728.26,38.62
728.58,-8.9717
728.89,21.847
729.2,48.372
729.52,-41.35
729.83,95.963
730.14,-14.822
730.46,30.818
730.77,-1.1683
731.08,53.052
731.39,-20.282
731.71,47.59
732.02,91.278
732.33,27.303
732.65,-3.5117
732.96,56.175
733.27,30.037
733.59,20.673
733.9,39.402
734.21,-38.232
734.52,40.957
734.84,-166.96
735.15,-3.51
735.46,-27.697
735.77,76.46
736.09,49.542
736.4,27.698
736.71,-7.02
737.02,-3.9033
737.33,37.842
737.65,27.695
737.96,10.92
738.27,31.597
738.58,-69.047
738.89,50.71
739.21,-28.085
739.52,-18.333
739.83,22.625
740.14,18.337
740.45,46.813
740.76,108.84
741.08,-33.935
741.39,-24.967
741.7,-13.653
742.01,-31.6
742.32,7.8017
742.63,-6.24
742.94,8.5817
743.26,-88.94
743.57,47.59
743.88,-55
744.19,-16.383
744.5,64.367
744.81,43.692
745.12,51.492
745.43,21.065
745.74,-0.77833
746.05,53.443
746.36,13.262
746.67,-3.12
746.99,-47.198
747.3,-31.597
747.61,47.982
747.92,15.603
748.23,94.402
748.54,-17.167
748.85,44.472
749.16,21.845
749.47,49.542
749.78,22.235
750.09,76.457
750.4,12.483
750.71,43.3
751.02,20.285
751.33,-33.157
751.64,-7.4117
751.95,21.063
752.26,113.52
752.57,-5.46
752.88,5.8517
753.19,-14.822
753.5,-12.482
753.81,47.588
754.11,74.502
754.42,30.818
754.73,12.873
755.04,38.623
755.35,-64.365
755.66,-87.377
755.97,-6.24
756.28,115.86
756.59,-16.775
756.9,-103.76
757.21,11.315
757.52,50.712
757.82,-0.78
758.13,24.575
758.44,-7.0233
758.75,40.57
759.06,30.432
759.37,-67.483
759.68,44.858
759.98,40.96
760.29,78.017
760.6,1.1733
760.91,59.687
761.22,40.96
761.53,23.017
761.83,91.28
762.14,4.6833
762.45,8.9733
762.76,8.9683
763.07,35.885
763.37,82.31
763.68,-73.337
763.99,-25.748
764.3,-22.235
764.6,22.625
764.91,-103.76
765.22,7.0217
765.53,3.9033
765.84,5.855
766.14,80.748
766.45,-23.015
766.76,96.35
767.06,44.86
767.37,77.237
767.68,58.517
767.99,-50.32
768.29,56.955
768.6,-27.695
768.91,49.543
769.21,-49.932
769.52,95.572
769.83,21.845
770.13,7.025
770.44,51.103
770.75,-8.5833
771.05,-1.5567
771.36,-35.108
771.67,-66.315
771.97,7.4117
772.28,-17.163
772.59,3.51
772.89,101.81
773.2,-15.995
773.51,-74.897
773.81,28.868
774.12,39.397
774.42,88.55
774.73,111.57
775.04,-25.747
775.34,1.9517
775.65,-60.852
775.95,-1.5617
776.26,-1.5567
776.56,18.335
776.87,-23.405
777.18,-1429.7
777.48,-1697.7
777.79,-77.238
778.09,44.863
778.4,10.922
778.7,-31.595
779.01,93.623
779.31,126
779.62,18.725
779.92,-54.223
780.23,-33.158
780.53,37.058
780.84,-46.03
781.14,47.98
781.45,-29.643
781.75,20.677
782.06,81.137
782.36,10.143
782.67,6.2383
782.97,85.43
783.28,-120.54
783.58,20.285
783.89,-60.072
784.19,-63.587
784.49,-5.4633
784.8,14.43
785.1,-38.23
785.41,72.947
785.71,-48.762
786.02,81.525
786.32,19.115
786.62,-26.135
786.93,-142.77
787.23,1.9483
787.54,101.03
787.84,8.58
788.14,99.47
788.45,41.738
788.75,-133.02
789.05,-39.79
789.36,29.255
789.66,33.94
789.96,10.532
790.27,1.5617
790.57,-49.542
790.87,-13.262
791.18,22.627
791.48,67.487
791.78,-36.28
792.09,33.938
792.39,9.3633
792.69,-111.18
793,14.822
793.3,-114.69
793.6,9.7517
793.9,-17.943
794.21,26.525
794.51,23.407
794.81,156.04
795.11,0.78167
795.42,-3.5083
795.72,33.157
796.02,-11.705
796.32,79.578
796.63,54.223
796.93,25.355
797.23,-56.173
797.53,45.64
797.84,42.907
798.14,37.448
798.44,63.585
798.74,-9.755
799.04,-0.39167
799.34,35.108
799.65,-37.058
799.95,56.17
800.25,44.47
800.55,-19.503
800.85,39.79
801.15,-49.543
801.46,47.588
801.76,32.767
802.06,-8.9683
802.36,-93.232
802.66,16.382
802.96,-18.333
803.26,17.163
803.56,89.333
803.87,86.602
804.17,-38.225
804.47,5.07
804.77,12.483
805.07,44.47
805.37,17.555
805.67,25.357
805.97,-34.717
806.27,10.92
806.57,51.102
806.87,15.602
807.17,-8.1917
807.47,-78.8
807.77,-10.53
808.07,74.117
808.37,-62.415
808.67,-5.46
808.98,-59.685
809.28,-26.527
809.58,74.117
809.88,-86.992
810.18,109.62
810.47,-37.058
810.77,3.9
811.07,-108.44
811.37,5.4633
811.67,-32.768
811.97,32.767
812.27,-13.653
812.57,3.5117
812.87,-34.718
813.17,-11.703
813.47,-71.388
813.77,12.093
814.07,2.73
814.37,-33.157
814.67,-8.1917
814.97,21.845
815.27,-4.29
815.56,19.892
815.86,-17.943
816.16,-92.842
816.46,-1.56
816.76,-16.772
817.06,-5.85
817.36,-42.52
817.66,-64.365
817.95,50.322
818.25,58.513
818.55,93.625
818.85,-76.85
819.15,45.642
819.45,-17.553
819.75,79.188
820.04,-0.78
820.34,-174.76
820.64,-6.63
820.94,16.383
821.24,16.382
821.53,40.178
821.83,3.8983
822.13,28.085
822.43,-8.585
822.72,-44.08
823.02,-2.73
823.32,8.1933
823.62,25.358
823.91,-147.06
824.21,3.1233
824.51,19.507
824.81,15.215
825.1,1.1683
825.4,-35.108
825.7,6.6333
826,90.11
826.29,63.195
826.59,69.822
826.89,-35.498
827.18,-15.603
827.48,-11.703
827.78,3.9
828.07,-24.185
828.37,42.13
828.67,-80.358
828.96,1.17
829.26,47.982
829.56,-43.3
829.85,-85.432
830.15,63.193
830.45,-63.972
830.74,3.5117
831.04,52.665
831.34,-109.23
831.63,70.607
831.93,-33.55
832.22,-4.68
832.52,57.733
832.82,-46.028
833.11,-28.085
833.41,-54.612
833.7,-24.183
834,-15.993
834.29,5.8517
834.59,58.515
834.89,70.995
835.18,-62.417
835.48,-40.958
835.77,60.463
836.07,-288.28
836.36,-136.53
836.66,-119.76
836.95,-37.057
837.25,-31.988
837.54,47.983
837.84,-36.668
838.13,-3.9033
838.43,45.643
838.72,22.627
839.02,-24.573
839.31,-14.043
839.61,37.448
839.9,23.407
840.2,56.953
840.49,-16.777
840.78,-5.07
841.08,8.5817
841.37,34.717
841.67,-4.2917
841.96,14.435
842.26,-5.07
842.55,-1.95
842.84,26.137
843.14,39.787
843.43,-33.548
843.73,-0.78
844.02,31.988
844.31,69.045
844.61,-66.315
844.9,6.2433
845.2,17.943
845.49,-29.257
845.78,29.255
846.08,63.193
846.37,5.8517
846.66,18.722
846.96,42.52
847.25,-11.313
847.54,-28.087
847.84,-49.15
848.13,44.472
848.42,-9.7517
848.72,5.4633
849.01,-88.94
849.3,-41.35
849.59,7.4117
849.89,49.538
850.18,-54.223
850.47,-21.847
850.76,-23.793
851.06,-60.075
851.35,34.33
851.64,48.762
851.93,-33.938
852.23,50.323
852.52,59.293
852.81,93.625
853.1,15.213
853.4,19.897
853.69,-25.745
853.98,13.263
854.27,59.683
854.56,5.07
854.86,62.805
855.15,-59.293
855.44,4.6783
855.73,-37.06
856.02,57.343
856.31,69.048
856.61,-27.697
856.9,14.435
857.19,-92.842
857.48,-23.015
857.77,-69.437
858.06,-15.605
858.35,1.17
858.65,55.003
858.94,-12.095
859.23,-92.448
859.52,-103.76
859.81,143.95
860.1,29.647
860.39,43.298
860.68,-3.12
860.97,-58.123
861.26,-85.43
861.55,-8.1917
861.85,24.575
862.14,-38.233
862.43,-19.113
862.72,23.798
863.01,-6.2417
863.3,-54.61
863.59,-140.82
863.88,-28.085
864.17,44.08
864.46,49.928
864.75,102.2
865.04,19.115
865.33,-30.038
865.62,17.165
865.91,6.6283
866.2,-45.253
866.49,-30.813
866.78,-123.66
867.07,-79.188
867.36,58.903
867.65,38.227
867.93,-1.17
868.22,36.667
868.51,52.658
868.8,13.265
869.09,49.93
869.38,71.777
869.67,71.388
869.96,71.388
870.25,71.388
